28079007,42,02,01,1.244574780058651
28079018,42,02,01,1.384005376344086
28079023,42,02,01,1.3938709677419354
28079012,42,02,01,1.3931182795698922
28079013,42,02,01,1.2539784946236558
28079099,42,02,01,1.3902956989247313
28079011,42,02,01,1.4032795698924732
28079015,42,02,01,1.422688172043011
28079002,42,02,01,1.4126612903225808
28079006,42,02,01,1.439059139784946
28079024,42,02,01,1.34247311827957
28079012,44,02,01,0.13088709677419355
28079007,44,02,01,0.2117595307917889
28079006,44,02,01,0.2445967741935484
28079002,44,02,01,0.16534946236559142
28079015,44,02,01,0.2127688172043011
28079024,44,02,01,0.12397849462365591
28079099,44,02,01,0.18483870967741936
28079011,44,02,01,0.21016129032258066
28079018,44,02,01,0.24024193548387096
28079023,44,02,01,0.14798387096774193
28079013,44,02,01,0.17197132616487457
28079025,14,06,01,27.081720430107534
28079019,14,06,01,30.483064516129033
28079022,14,06,01,31.389166666666664
28079024,14,06,01,39.57626344086021
28079014,14,06,01,37.268602150537625
28079010,14,06,01,38.72594086021506
28079003,14,06,01,32.26241935483871
28079023,14,06,01,33.00193548387098
28079016,14,06,01,37.12102150537634
28079013,14,06,01,28.033279569892468
28079004,14,06,01,28.83309139784947
28079017,14,06,01,23.778248847926267
28079012,14,06,01,27.171989247311828
28079015,14,06,01,26.356854838709676
28079011,14,06,01,33.15537634408602
28079009,14,06,01,22.081908602150534
28079099,14,06,01,31.164462365591405
28079002,14,06,01,27.149865591397855
28079008,14,06,01,23.369493087557604
28079021,14,06,01,34.81637096774193
28079020,14,06,01,35.976559139784946
28079005,14,06,01,36.29610215053763
28079018,14,06,01,29.327231182795703
28079007,14,06,01,29.672434017595307
28079006,14,06,01,24.73247311827957
28079001,14,06,01,15.92747311827957
28079020,08,08,01,57.094462365591404
28079006,08,08,01,73.24104838709677
28079013,08,08,01,48.3533064516129
28079004,08,08,01,69.3435752688172
28079007,08,08,01,68.08246334310851
28079014,08,08,01,67.61217741935484
28079016,08,08,01,41.27454301075269
28079019,08,08,01,64.65854838709677
28079005,08,08,01,50.4633064516129
28079025,08,08,01,56.288252688172044
28079017,08,08,01,53.38870967741935
28079001,08,08,01,89.05408602150538
28079023,08,08,01,54.316586021505366
28079024,08,08,01,34.303897849462366
28079015,08,08,01,68.43720430107527
28079002,08,08,01,75.75873655913978
28079022,08,08,01,60.6483064516129
28079009,08,08,01,82.11973118279569
28079099,08,08,01,61.729811827957
28079021,08,08,01,53.005618279569894
28079011,08,08,01,51.17384408602151
28079018,08,08,01,49.16962365591397
28079003,08,08,01,62.432903225806456
28079008,08,08,01,64.69857142857144
28079010,08,08,01,60.291451612903224
28079012,08,08,01,56.94806451612903
28079005,12,08,01,110.8565053763441
28079014,12,08,01,155.87446236559137
28079006,12,08,01,215.3090053763441
28079008,12,08,01,138.30520737327188
28079012,12,08,01,117.99553763440856
28079019,12,08,01,142.4908064516129
28079017,12,08,01,167.808064516129
28079001,12,08,01,222.7354569892473
28079003,12,08,01,113.75026881720432
28079004,12,08,01,147.42852150537632
28079023,12,08,01,119.12599462365591
28079013,12,08,01,80.73779569892473
28079007,12,08,01,133.57868035190614
28079099,12,08,01,136.58631720430108
28079002,12,08,01,171.13102150537634
28079024,12,08,01,53.829516129032264
28079011,12,08,01,111.27459677419354
28079009,12,08,01,194.07825268817206
28079025,12,08,01,145.74155913978495
28079022,12,08,01,141.67575268817205
28079016,12,08,01,79.30881720430106
28079021,12,08,01,108.1813440860215
28079015,12,08,01,159.91594086021504
28079010,12,08,01,127.01298387096773
28079020,12,08,01,101.03524193548388
28079018,12,08,01,111.12408602150536
28079009,01,38,01,22.064704301075267
28079010,01,38,01,26.24712365591398
28079006,01,38,01,29.521693548387102
28079003,01,38,01,23.35497311827957
28079020,01,38,01,14.549946236559137
28079001,01,38,01,19.281639784946233
28079023,01,38,01,14.230026881720429
28079011,01,38,01,19.131344086021507
28079014,01,38,01,12.29529569892473
28079004,01,38,01,15.984731182795699
28079099,01,38,01,18.010026881720428
28079015,01,38,01,14.032069892473118
28079021,01,38,01,23.29793010752688
28079024,01,38,01,10.996021505376342
28079019,01,38,01,10.057177419354838
28079002,01,38,01,13.58922043010753
28079008,01,38,01,12.788294930875576
28079018,01,38,01,14.626747311827955
28079016,01,38,01,13.69766129032258
28079005,01,38,01,13.96991935483871
28079012,01,38,01,25.03215053763441
28079017,01,38,01,13.932119815668203
28079025,01,38,01,26.864677419354837
28079007,01,38,01,21.73234604105572
28079013,01,38,01,9.008817204301074
28079022,01,38,01,21.298763440860217
28079009,10,47,01,35.86486559139785
28079024,10,47,01,28.042715053763445
28079008,10,47,01,33.26133640552995
28079017,10,47,01,41.5726267281106
28079011,10,47,01,29.25932795698925
28079023,10,47,01,31.03016129032258
28079018,10,47,01,34.51909090909091
28079019,10,47,01,30.2997311827957
28079005,10,47,01,34.31623655913979
28079021,10,47,01,25.300349462365592
28079006,10,47,01,42.686129032258066
28079013,10,47,01,28.8808870967742
28079025,10,47,01,33.64989247311828
28079022,10,47,01,31.264327956989245
28079010,10,47,01,31.84849462365591
28079015,10,47,01,32.39575268817204
28079012,10,47,01,35.15384408602151
28079016,10,47,01,32.97931899641577
28079099,10,47,01,34.07319892473119
28079003,10,47,01,31.73529569892473
28079014,10,47,01,36.29978494623655
28079002,10,47,01,33.57002688172043
28079020,10,47,01,30.41610215053763
28079007,10,47,01,32.95826979472142
28079004,10,47,01,32.985188172043
28079001,10,47,01,40.5941935483871
28079016,06,48,01,0.6280107526881721
28079017,06,48,01,1.101290322580645
28079025,06,48,01,0.49612903225806465
28079007,06,48,01,0.8861876832844575
28079004,06,48,01,0.9222043010752689
28079023,06,48,01,0.6723655913978495
28079011,06,48,01,0.6826612903225806
28079020,06,48,01,0.6913709677419355
28079001,06,48,01,1.2008064516129033
28079099,06,48,01,0.8995967741935482
28079006,06,48,01,1.290268817204301
28079021,06,48,01,0.6758333333333334
28079012,06,48,01,1.055672043010753
28079018,06,48,01,0.8465053763440858
28079013,06,48,01,0.5829569892473118
28079019,06,48,01,0.7353763440860215
28079002,06,48,01,0.9259677419354838
28079024,06,48,01,0.6380376344086021
28079009,06,48,01,1.0068279569892473
28079003,06,48,01,0.7306451612903225
28079015,06,48,01,0.7462365591397849
28079022,06,48,01,1.2138440860215052
28079014,06,48,01,1.3048118279569894
28079008,06,48,01,0.9261290322580644
28079005,06,48,01,0.9132258064516129
28079010,06,48,01,1.3886827956989245
28079025,58,51,01,0.734516129032258
28079099,58,51,01,0.734516129032258
28079024,20,59,01,5.169731182795698
28079025,20,59,01,11.326908602150539
28079008,20,59,01,12.703317972350229
28079002,20,59,01,15.305887096774192
28079022,20,59,01,13.359650537634408
28079015,20,59,01,16.695860215053763
28079023,20,59,01,9.568960573476703
28079099,20,59,01,14.383145161290324
28079006,20,59,01,25.671935483870968
28079002,30,59,01,2.785779569892473
28079006,30,59,01,4.584650537634409
28079024,30,59,01,0.9752956989247311
28079023,30,59,01,2.004731182795699
28079099,30,59,01,3.102634408602151
28079025,30,59,01,2.181290322580645
28079015,30,59,01,4.338010752688172
28079022,30,59,01,3.7173387096774193
28079008,30,59,01,4.118248847926266
28079008,35,59,01,3.1723963133640547
28079099,35,59,01,3.1579301075268815
28079025,35,59,01,2.2140053763440863
28079015,35,59,01,3.7090053763440864
28079006,35,59,01,5.076021505376343
28079023,35,59,01,1.9849462365591397
28079002,35,59,01,2.906801075268817
28079024,35,59,01,1.3321505376344085
28079024,37,59,01,2.1406451612903226
28079099,37,59,01,6.563413978494624
28079002,37,59,01,6.785456989247312
28079025,37,59,01,4.695591397849462
28079006,37,59,01,11.971747311827956
28079099,38,59,01,2.6660752688172042
28079025,38,59,01,1.932204301075269
28079002,38,59,01,2.9660483870967744
28079006,38,59,01,4.381263440860215
28079024,38,59,01,1.0789516129032257
28079099,39,59,01,2.9230376344086024
28079024,39,59,01,1.1906182795698925
28079002,39,59,01,3.158817204301075
28079025,39,59,01,1.451021505376344
28079006,39,59,01,5.55755376344086
28079018,42,02,02,1.3220430107526882
28079024,42,02,02,1.3350268817204303
28079023,42,02,02,1.3620967741935484
28079099,42,02,02,1.398763440860215
28079008,42,02,02,1.0680645161290323
28079002,42,02,02,1.2973118279569895
28079015,42,02,02,1.425725806451613
28079013,42,02,02,1.3701075268817204
28079012,42,02,02,1.1256989247311828
28079006,42,02,02,1.3723870967741933
28079007,42,02,02,1.3518279569892473
28079011,42,02,02,1.4541935483870967
28079099,44,02,02,0.17120967741935486
28079023,44,02,02,0.1479301075268817
28079013,44,02,02,0.15365591397849462
28079015,44,02,02,0.1706451612903226
28079024,44,02,02,0.14540322580645162
28079012,44,02,02,0.11838709677419355
28079007,44,02,02,0.21720430107526878
28079011,44,02,02,0.17037634408602154
28079006,44,02,02,0.16158064516129034
28079008,44,02,02,0.21693548387096775
28079002,44,02,02,0.12865591397849463
28079018,44,02,02,0.195994623655914
28079001,14,06,02,25.183629032258068
28079004,14,06,02,32.01833333333333
28079016,14,06,02,40.81228494623655
28079005,14,06,02,40.38698924731183
28079024,14,06,02,41.733387096774194
28079020,14,06,02,30.798091397849465
28079014,14,06,02,33.570403225806466
28079003,14,06,02,28.47569892473118
28079002,14,06,02,25.938655913978497
28079006,14,06,02,28.418612903225807
28079023,14,06,02,31.413978494623652
28079025,14,06,02,27.70188172043011
28079099,14,06,02,32.29198924731183
28079017,14,06,02,36.63037634408601
28079021,14,06,02,35.46935483870968
28079018,14,06,02,36.2758064516129
28079009,14,06,02,20.205107526881715
28079008,14,06,02,8.83758064516129
28079012,14,06,02,25.4380376344086
28079015,14,06,02,27.650107526881715
28079010,14,06,02,36.67620967741936
28079019,14,06,02,29.93150537634408
28079007,14,06,02,29.391505376344085
28079022,14,06,02,31.401478494623657
28079011,14,06,02,34.75376344086022
28079013,14,06,02,38.8283064516129
28079022,08,08,02,62.800134408602155
28079017,08,08,02,49.20150537634408
28079014,08,08,02,60.63306451612903
28079020,08,08,02,52.297715053763454
28079099,08,08,02,60.5
28079023,08,08,02,55.597715053763444
28079007,08,08,02,71.92623655913978
28079012,08,08,02,65.95102150537635
28079003,08,08,02,61.695430107526896
28079016,08,08,02,51.07451612903227
28079021,08,08,02,52.97720430107527
28079001,08,08,02,79.02077956989247
28079005,08,08,02,52.39655913978495
28079018,08,08,02,50.73793010752687
28079015,08,08,02,67.02330645161291
28079006,08,08,02,65.37680645161291
28079009,08,08,02,78.84642473118281
28079011,08,08,02,58.38688172043012
28079002,08,08,02,66.50962365591397
28079024,08,08,02,36.8443817204301
28079004,08,08,02,71.52663978494623
28079019,08,08,02,61.22212365591397
28079025,08,08,02,59.96346774193549
28079008,08,08,02,50.530483870967736
28079013,08,08,02,46.38862903225806
28079010,08,08,02,56.8944623655914
28079015,12,08,02,149.92798387096772
28079014,12,08,02,135.07930107526883
28079023,12,08,02,113.0440860215054
28079004,12,08,02,131.59833333333333
28079003,12,08,02,106.06763440860213
28079099,12,08,02,120.894623655914
28079019,12,08,02,128.5555376344086
28079005,12,08,02,99.22561827956987
28079008,12,08,02,131.59983870967739
28079011,12,08,02,110.13725806451612
28079013,12,08,02,76.37876344086021
28079010,12,08,02,110.49768817204301
28079009,12,08,02,160.83690860215054
28079012,12,08,02,124.99798387096774
28079017,12,08,02,102.17948924731184
28079018,12,08,02,79.64306451612903
28079022,12,08,02,132.55731182795702
28079006,12,08,02,175.95432258064517
28079007,12,08,02,136.12244623655917
28079001,12,08,02,186.4633870967742
28079002,12,08,02,143.28346774193548
28079020,12,08,02,91.40174731182795
28079025,12,08,02,131.35129032258067
28079016,12,08,02,84.55357526881721
28079021,12,08,02,105.94626344086022
28079024,12,08,02,54.03069892473118
28079017,01,38,02,6.179543010752688
28079023,01,38,02,9.639999999999999
28079025,01,38,02,21.59024193548387
28079006,01,38,02,17.571032258064516
28079024,01,38,02,4.155295698924731
28079009,01,38,02,20.65827956989247
28079012,01,38,02,19.124543010752692
28079021,01,38,02,15.736854838709673
28079005,01,38,02,7.47475806451613
28079020,01,38,02,12.836801075268816
28079011,01,38,02,14.555779569892472
28079016,01,38,02,9.8775
28079099,01,38,02,12.78435483870968
28079010,01,38,02,16.208763440860213
28079001,01,38,02,16.1222311827957
28079019,01,38,02,9.027876344086023
28079013,01,38,02,8.193736559139785
28079022,01,38,02,10.198575268817205
28079004,01,38,02,10.837311827956988
28079015,01,38,02,12.75306451612903
28079014,01,38,02,11.228736559139785
28079018,01,38,02,6.744462365591397
28079002,01,38,02,13.368037634408603
28079008,01,38,02,12.479677419354836
28079007,01,38,02,15.305349462365593
28079003,01,38,02,15.155591397849465
28079025,06,48,02,0.4281182795698925
28079002,06,48,02,0.8481720430107528
28079013,06,48,02,0.5959408602150539
28079020,06,48,02,0.6456182795698925
28079011,06,48,02,0.527016129032258
28079009,06,48,02,0.9812634408602151
28079024,06,48,02,0.5326075268817204
28079014,06,48,02,1.3458064516129034
28079012,06,48,02,0.7805107526881719
28079099,06,48,02,0.7461559139784946
28079019,06,48,02,0.6565860215053764
28079022,06,48,02,0.5446505376344086
28079008,06,48,02,0.7929032258064516
28079015,06,48,02,0.7216397849462366
28079006,06,48,02,0.9660322580645161
28079016,06,48,02,0.5589247311827956
28079005,06,48,02,0.7336559139784947
28079018,06,48,02,0.515241935483871
28079021,06,48,02,0.5272849462365591
28079004,06,48,02,0.659489247311828
28079023,06,48,02,0.5850806451612903
28079010,06,48,02,1.192177419354839
28079017,06,48,02,0.6081451612903227
28079001,06,48,02,1.1509946236559137
28079007,06,48,02,0.910483870967742
28079003,06,48,02,0.7071236559139785
28079005,10,49,02,35.602338709677426
28079014,10,49,02,37.51400537634409
28079002,10,49,02,32.35325268817204
28079016,10,49,02,27.589731182795703
28079021,10,49,02,29.327043010752686
28079006,10,49,02,40.97658064516129
28079009,10,49,02,38.965645161290325
28079019,10,49,02,28.62822580645161
28079025,10,49,02,30.431935483870966
28079007,10,49,02,32.323709677419366
28079011,10,49,02,28.691989247311824
28079099,10,49,02,32.65338709677419
28079020,10,49,02,30.39827956989247
28079024,10,49,02,26.968279569892477
28079001,10,49,02,37.62698924731183
28079017,10,49,02,36.3566935483871
28079008,10,49,02,24.284677419354836
28079018,10,49,02,28.53623655913978
28079012,10,49,02,33.116129032258065
28079015,10,49,02,31.44048387096774
28079003,10,49,02,31.682392473118284
28079023,10,49,02,31.22532258064516
28079010,10,49,02,31.962983870967737
28079004,10,49,02,28.7702688172043
28079022,10,49,02,31.4908064516129
28079013,10,49,02,32.0689247311828
28079023,20,59,02,8.580940860215055
28079002,20,59,02,13.819731182795698
28079099,20,59,02,10.700376344086024
28079022,20,59,02,9.406962365591399
28079025,20,59,02,9.391827956989248
28079006,20,59,02,21.110612903225807
28079015,20,59,02,8.596102150537634
28079024,20,59,02,4.538682795698924
28079024,30,59,02,1.0341129032258063
28079006,30,59,02,3.8408064516129032
28079022,30,59,02,2.8361290322580643
28079015,30,59,02,2.0164247311827954
28079025,30,59,02,2.0069354838709677
28079099,30,59,02,2.2796236559139786
28079002,30,59,02,2.467043010752688
28079023,30,59,02,1.680376344086021
28079023,35,59,02,2.0785483870967743
28079025,35,59,02,1.9820161290322578
28079006,35,59,02,4.741677419354839
28079002,35,59,02,2.982123655913979
28079099,35,59,02,2.455779569892473
28079015,35,59,02,1.8135483870967741
28079024,35,59,02,1.1306989247311827
28079002,37,59,02,7.307634408602151
28079024,37,59,02,2.0936559139784943
28079006,37,59,02,11.547193548387094
28079025,37,59,02,4.2948655913978495
28079099,37,59,02,6.258440860215053
28079006,38,59,02,4.4117096774193545
28079025,38,59,02,1.8607526881720426
28079002,38,59,02,3.217284946236559
28079024,38,59,02,0.9893817204301074
28079099,38,59,02,2.6373924731182794
28079099,39,59,02,2.711236559139785
28079006,39,59,02,5.341806451612904
28079002,39,59,02,3.081397849462365
28079025,39,59,02,1.465779569892473
28079024,39,59,02,1.1791666666666667
28079026,42,02,03,1.5976075268817205
28079007,42,02,03,1.2488709677419354
28079008,42,02,03,1.404516129032258
28079013,42,02,03,1.4651881720430107
28079027,42,02,03,1.2913440860215053
28079024,42,02,03,1.2954301075268815
28079011,42,02,03,1.4500537634408603
28079002,42,02,03,1.4007258064516126
28079099,42,02,03,1.4113709677419355
28079015,42,02,03,1.4132526881720429
28079006,42,02,03,1.2761876832844574
28079023,42,02,03,1.416102150537634
28079018,42,02,03,1.4658064516129032
28079006,44,02,03,0.149208211143695
28079018,44,02,03,0.1743279569892473
28079002,44,02,03,0.13091397849462366
28079015,44,02,03,0.17733870967741938
28079024,44,02,03,0.09884408602150539
28079013,44,02,03,0.20905913978494625
28079011,44,02,03,0.16846774193548386
28079026,44,02,03,0.14303763440860215
28079027,44,02,03,0.10045698924731182
28079007,44,02,03,0.1588709677419355
28079099,44,02,03,0.15029569892473119
28079008,44,02,03,0.12954301075268818
28079023,44,02,03,0.1413440860215054
28079018,14,06,03,41.22905913978495
28079011,14,06,03,39.53715053763441
28079009,14,06,03,25.01448924731183
28079026,14,06,03,36.33206989247312
28079001,14,06,03,25.977795698924737
28079015,14,06,03,29.63403225806452
28079003,14,06,03,35.81932795698924
28079025,14,06,03,35.14817204301075
28079019,14,06,03,32.66314516129032
28079008,14,06,03,29.838790322580646
28079004,14,06,03,36.335215053763434
28079010,14,06,03,40.80319892473119
28079006,14,06,03,28.854252199413484
28079021,14,06,03,38.9116935483871
28079017,14,06,03,41.622715053763436
28079007,14,06,03,34.530564516129026
28079016,14,06,03,41.51991935483871
28079020,14,06,03,34.28653225806452
28079022,14,06,03,33.872956989247314
28079024,14,06,03,47.540860215053755
28079012,14,06,03,32.72368279569893
28079099,14,06,03,35.96954301075269
28079013,14,06,03,44.93981182795699
28079014,14,06,03,35.218951612903226
28079005,14,06,03,43.247526881720425
28079023,14,06,03,34.84766129032257
28079002,14,06,03,28.676962365591404
28079015,08,08,03,66.40502688172042
28079027,08,08,03,53.84653225806452
28079020,08,08,03,48.17693548387097
28079009,08,08,03,78.33462365591397
28079017,08,08,03,48.3766935483871
28079001,08,08,03,85.11997311827956
28079007,08,08,03,69.14771505376343
28079026,08,08,03,74.0015053763441
28079012,08,08,03,62.382822580645154
28079025,08,08,03,61.91064516129034
28079014,08,08,03,54.46435483870968
28079016,08,08,03,51.04569892473118
28079019,08,08,03,43.741236559139786
28079008,08,08,03,73.01790322580646
28079003,08,08,03,57.84427419354839
28079011,08,08,03,55.54932795698924
28079013,08,08,03,48.00126344086022
28079099,08,08,03,57.17822580645162
28079024,08,08,03,33.825430107526884
28079021,08,08,03,40.62483870967742
28079005,08,08,03,52.791075268817195
28079006,08,08,03,62.24058651026394
28079022,08,08,03,49.57236559139785
28079010,08,08,03,40.89857526881722
28079002,08,08,03,65.57537634408602
28079018,08,08,03,42.60924731182796
28079004,08,08,03,53.25317204301075
28079023,08,08,03,57.788548387096775
28079002,12,08,03,134.28663978494623
28079015,12,08,03,139.07360215053765
28079009,12,08,03,162.07564516129028
28079010,12,08,03,89.1143817204301
28079004,12,08,03,110.64301075268816
28079099,12,08,03,112.69978494623656
28079012,12,08,03,115.27841397849461
28079003,12,08,03,98.00639784946236
28079018,12,08,03,67.84252688172042
28079005,12,08,03,94.0923924731183
28079007,12,08,03,123.4488440860215
28079021,12,08,03,86.8091935483871
28079024,12,08,03,53.644032258064506
28079013,12,08,03,74.31021505376344
28079001,12,08,03,184.59575268817204
28079011,12,08,03,100.23408602150538
28079016,12,08,03,83.49056451612903
28079026,12,08,03,134.53263440860215
28079025,12,08,03,132.51075268817203
28079027,12,08,03,95.66293010752689
28079017,12,08,03,95.13744623655914
28079006,12,08,03,160.7108504398827
28079014,12,08,03,122.60016129032259
28079020,12,08,03,84.15298387096774
28079023,12,08,03,115.67672043010752
28079008,12,08,03,144.19241935483873
28079019,12,08,03,104.13045698924732
28079022,12,08,03,110.91112903225807
28079019,01,38,03,8.380349462365592
28079002,01,38,03,11.632043010752687
28079099,01,38,03,12.100564516129031
28079024,01,38,03,6.373709677419353
28079015,01,38,03,14.450188172043013
28079021,01,38,03,14.127419354838706
28079010,01,38,03,16.304274193548384
28079020,01,38,03,11.536827956989248
28079012,01,38,03,20.02720430107527
28079018,01,38,03,11.029892473118279
28079014,01,38,03,10.186532258064517
28079026,01,38,03,7.863817204301075
28079008,01,38,03,15.233252688172044
28079017,01,38,03,8.891155913978492
28079016,01,38,03,9.805322580645162
28079004,01,38,03,10.997204301075266
28079001,01,38,03,17.442150537634408
28079013,01,38,03,7.609865591397849
28079022,01,38,03,13.288010752688171
28079005,01,38,03,6.793602150537635
28079009,01,38,03,19.33537634408602
28079007,01,38,03,13.559247311827958
28079011,01,38,03,16.231290322580644
28079003,01,38,03,13.215349462365593
28079006,01,38,03,13.901730205278591
28079025,01,38,03,9.426317204301075
28079023,01,38,03,8.465349462365591
28079027,01,38,03,7.885161290322581
28079016,10,47,03,29.040698924731185
28079009,10,47,03,37.85682795698924
28079019,10,47,03,31.295268817204303
28079006,10,47,03,39.95856304985337
28079021,10,47,03,30.23693548387097
28079014,10,47,03,39.15260752688172
28079010,10,47,03,33.13612903225807
28079017,10,47,03,36.09526881720431
28079023,10,47,03,36.70752688172043
28079007,10,47,03,33.22814516129033
28079027,10,47,03,39.05500000000001
28079099,10,47,03,34.76182795698925
28079011,10,47,03,28.82376344086022
28079004,10,47,03,30.642231182795697
28079002,10,47,03,34.59908602150538
28079018,10,47,03,31.644811827956985
28079013,10,47,03,34.3036559139785
28079008,10,47,03,32.33569892473118
28079025,10,47,03,45.626155913978494
28079003,10,47,03,34.94564516129032
28079020,10,47,03,30.335161290322578
28079001,10,47,03,38.99153225806452
28079026,10,47,03,41.681344086021504
28079005,10,47,03,35.36688172043011
28079015,10,47,03,33.85317204301075
28079012,10,47,03,35.57790322580646
28079024,10,47,03,27.00163978494624
28079022,10,47,03,30.124973118279573
28079015,06,48,03,0.7034408602150538
28079022,06,48,03,0.4931720430107527
28079020,06,48,03,0.5966129032258065
28079007,06,48,03,0.7698387096774192
28079012,06,48,03,0.6944086021505376
28079008,06,48,03,0.778521505376344
28079017,06,48,03,0.6588709677419354
28079013,06,48,03,0.6743817204301076
28079010,06,48,03,0.7414247311827958
28079004,06,48,03,0.6380107526881721
28079021,06,48,03,0.5107795698924731
28079016,06,48,03,0.45610215053763437
28079006,06,48,03,0.9727565982404691
28079019,06,48,03,0.6473655913978495
28079025,06,48,03,0.40559139784946235
28079003,06,48,03,0.6648118279569892
28079014,06,48,03,0.9386827956989249
28079018,06,48,03,0.5075806451612904
28079023,06,48,03,0.5901075268817205
28079099,06,48,03,0.6883064516129033
28079002,06,48,03,0.7645967741935484
28079009,06,48,03,1.0486021505376346
28079024,06,48,03,0.5181989247311828
28079005,06,48,03,0.623010752688172
28079011,06,48,03,0.5879032258064516
28079001,06,48,03,1.090483870967742
28079024,20,59,03,4.201182795698925
28079006,20,59,03,16.190938416422288
28079022,20,59,03,8.079032258064517
28079025,20,59,03,7.632741935483871
28079002,20,59,03,10.758924731182795
28079008,20,59,03,8.463709677419356
28079023,20,59,03,3.5260215053763435
28079099,20,59,03,9.410107526881722
28079015,20,59,03,11.50478494623656
28079006,30,59,03,3.3417888563049853
28079024,30,59,03,1.02755376344086
28079002,30,59,03,1.9802956989247313
28079022,30,59,03,1.750752688172043
28079015,30,59,03,3.3802150537634414
28079099,30,59,03,2.081693548387097
28079008,30,59,03,1.0909677419354837
28079023,30,59,03,1.0278136200716845
28079025,30,59,03,1.6598387096774194
28079008,35,59,03,1.5276209677419357
28079024,35,59,03,1.2182258064516132
28079002,35,59,03,2.5515053763440863
28079015,35,59,03,3.431935483870968
28079099,35,59,03,2.376451612903226
28079023,35,59,03,1.0427240143369176
28079006,35,59,03,3.981994134897361
28079025,35,59,03,1.616505376344086
28079025,37,59,03,3.3684946236559146
28079024,37,59,03,2.1213172043010755
28079099,37,59,03,5.146559139784946
28079006,37,59,03,9.179325513196481
28079002,37,59,03,5.956075268817205
28079024,38,59,03,0.9773924731182794
28079099,38,59,03,2.1366397849462366
28079006,38,59,03,3.5212903225806444
28079002,38,59,03,2.496827956989247
28079025,38,59,03,1.506317204301075
28079024,39,59,03,1.2497849462365591
28079025,39,59,03,1.9435752688172043
28079006,39,59,03,4.408885630498534
28079002,39,59,03,2.213736559139785
28079099,39,59,03,2.447258064516129
28079011,42,02,04,1.4465322580645161
28079018,42,02,04,1.4446774193548388
28079023,42,02,04,1.431021505376344
28079024,42,02,04,1.2982526881720429
28079027,42,02,04,1.270268817204301
28079007,42,02,04,1.4143548387096772
28079026,42,02,04,1.4583333333333333
28079008,42,02,04,1.409247311827957
28079015,42,02,04,1.3683602150537635
28079013,42,02,04,1.2599283154121863
28079002,42,02,04,1.275967741935484
28079099,42,02,04,1.3791397849462366
28079006,42,02,04,1.4369086021505375
28079008,44,02,04,0.11733870967741937
28079015,44,02,04,0.13763440860215054
28079002,44,02,04,0.1535215053763441
28079018,44,02,04,0.26670967741935486
28079011,44,02,04,0.16790322580645164
28079099,44,02,04,0.15389784946236562
28079007,44,02,04,0.23475806451612902
28079027,44,02,04,0.11091397849462366
28079023,44,02,04,0.1424731182795699
28079006,44,02,04,0.21696236559139784
28079026,44,02,04,0.11526881720430109
28079024,44,02,04,0.08720430107526883
28079013,44,02,04,0.19996415770609322
28079011,14,06,04,35.00045698924731
28079024,14,06,04,46.428682795698926
28079009,14,06,04,22.27991935483871
28079012,14,06,04,31.370268817204302
28079008,14,06,04,28.17051075268817
28079006,14,06,04,22.760618279569886
28079023,14,06,04,31.869059139784948
28079099,14,06,04,32.59188172043011
28079005,14,06,04,36.1760752688172
28079017,14,06,04,38.37602150537634
28079021,14,06,04,33.30290322580644
28079004,14,06,04,28.92594086021505
28079018,14,06,04,38.35010752688172
28079013,14,06,04,39.42389784946237
28079025,14,06,04,28.994139784946242
28079020,14,06,04,35.252553763440865
28079014,14,06,04,31.852741935483873
28079022,14,06,04,23.161021505376343
28079026,14,06,04,35.541827956989245
28079015,14,06,04,27.503360215053764
28079007,14,06,04,32.86032258064515
28079003,14,06,04,32.012392473118275
28079002,14,06,04,24.573333333333338
28079016,14,06,04,41.505860215053765
28079010,14,06,04,35.63602150537635
28079001,14,06,04,23.28059139784946
28079019,14,06,04,29.918655913978494
28079024,08,08,04,34.25717741935484
28079026,08,08,04,72.56094086021507
28079017,08,08,04,57.240940860215055
28079025,08,08,04,58.96741935483871
28079009,08,08,04,82.77043010752689
28079006,08,08,04,81.92325268817204
28079012,08,08,04,58.78045698924731
28079003,08,08,04,58.45352150537635
28079002,08,08,04,66.35188172043011
28079007,08,08,04,62.59190860215053
28079020,08,08,04,50.27163978494624
28079008,08,08,04,74.89962365591398
28079015,08,08,04,71.14852150537635
28079004,08,08,04,53.757688172043004
28079014,08,08,04,57.26905913978495
28079019,08,08,04,53.68400537634409
28079001,08,08,04,77.31147849462367
28079010,08,08,04,57.34610215053764
28079099,08,08,04,59.074973118279566
28079016,08,08,04,47.540591397849454
28079013,08,08,04,44.38782258064516
28079027,08,08,04,54.36849462365592
28079005,08,08,04,55.65758064516129
28079022,08,08,04,47.27951612903226
28079021,08,08,04,48.6905376344086
28079023,08,08,04,59.71779569892474
28079011,08,08,04,55.4075
28079018,08,08,04,46.59989247311828
28079020,12,08,04,88.88010752688173
28079002,12,08,04,131.3900806451613
28079007,12,08,04,118.56946236559139
28079001,12,08,04,188.01991935483872
28079024,12,08,04,53.17771505376344
28079009,12,08,04,170.68435483870965
28079017,12,08,04,119.04811827956986
28079005,12,08,04,106.75145161290322
28079003,12,08,04,103.54268817204301
28079013,12,08,04,74.5365053763441
28079026,12,08,04,130.67986559139786
28079099,12,08,04,117.67072580645163
28079012,12,08,04,110.76244623655914
28079022,12,08,04,112.55801075268819
28079016,12,08,04,82.78094086021507
28079027,12,08,04,92.96094086021505
28079008,12,08,04,146.56532258064516
28079011,12,08,04,102.79099462365592
28079015,12,08,04,150.07112903225803
28079019,12,08,04,119.74215053763442
28079021,12,08,04,100.54069892473116
28079010,12,08,04,117.68120967741935
28079006,12,08,04,198.48268817204303
28079018,12,08,04,79.22212365591399
28079004,12,08,04,117.17115591397851
28079025,12,08,04,137.69723118279572
28079023,12,08,04,122.14693548387096
28079014,12,08,04,138.09798387096774
28079027,01,38,04,6.35981182795699
28079017,01,38,04,7.486639784946237
28079013,01,38,04,7.12725806451613
28079007,01,38,04,13.944139784946236
28079011,01,38,04,13.771263440860215
28079022,01,38,04,10.730940860215055
28079019,01,38,04,9.061209677419354
28079023,01,38,04,7.102822580645161
28079015,01,38,04,11.876747311827955
28079099,01,38,04,11.154059139784948
28079006,01,38,04,16.588817204301076
28079025,01,38,04,9.124704301075269
28079004,01,38,04,10.938763440860214
28079021,01,38,04,13.046209677419355
28079009,01,38,04,18.992741935483867
28079010,01,38,04,14.6027688172043
28079020,01,38,04,10.926370967741937
28079002,01,38,04,9.017123655913979
28079014,01,38,04,10.77268817204301
28079018,01,38,04,7.745591397849462
28079026,01,38,04,8.356021505376345
28079016,01,38,04,10.018494623655917
28079008,01,38,04,13.702930107526884
28079024,01,38,04,7.124059139784947
28079012,01,38,04,14.03779569892473
28079001,01,38,04,15.245591397849465
28079003,01,38,04,11.680672043010752
28079005,01,38,04,8.070456989247312
28079024,09,47,04,13.803064516129032
28079026,09,47,04,16.544435483870966
28079022,09,47,04,18.398252688172043
28079015,09,47,04,17.6858064516129
28079006,09,47,04,24.33655913978495
28079099,09,47,04,19.92290322580645
28079010,09,47,04,20.506774193548388
28079001,09,47,04,21.908387096774195
28079027,10,47,04,42.108655913978495
28079007,10,47,04,29.9522311827957
28079005,10,47,04,33.81338709677419
28079026,10,47,04,29.683629032258064
28079008,10,47,04,32.03392473118279
28079015,10,47,04,32.62884408602151
28079003,10,47,04,31.648602150537638
28079023,10,47,04,34.28344086021505
28079019,10,47,04,29.385752688172044
28079024,10,47,04,29.207661290322587
28079020,10,47,04,28.135456989247313
28079099,10,47,04,32.81577956989248
28079006,10,47,04,37.79215053763441
28079018,10,47,04,26.513104838709673
28079014,10,47,04,37.787338709677414
28079025,10,47,04,32.5725
28079017,10,47,04,37.84309139784946
28079013,10,47,04,27.201451612903224
28079022,10,47,04,31.76712365591398
28079004,10,47,04,25.433198924731187
28079010,10,47,04,37.42046082949309
28079012,10,47,04,30.871854838709677
28079001,10,47,04,35.68088709677419
28079002,10,47,04,32.683064516129036
28079021,10,47,04,27.87440860215054
28079011,10,47,04,29.687365591397853
28079016,10,47,04,26.405752688172043
28079009,10,47,04,37.1652688172043
28079007,06,48,04,0.7313172043010753
28079005,06,48,04,0.4260752688172043
28079006,06,48,04,0.984247311827957
28079021,06,48,04,0.4785752688172043
28079020,06,48,04,0.5994354838709677
28079099,06,48,04,0.6429301075268818
28079011,06,48,04,0.5068817204301075
28079024,06,48,04,0.3805913978494624
28079003,06,48,04,0.6350000000000001
28079015,06,48,04,0.6716397849462364
28079012,06,48,04,0.6320161290322581
28079025,06,48,04,0.38075268817204305
28079014,06,48,04,0.7537096774193549
28079018,06,48,04,0.48720430107526874
28079019,06,48,04,0.6279569892473119
28079009,06,48,04,1.2529569892473118
28079023,06,48,04,0.5842204301075268
28079016,06,48,04,0.33172043010752694
28079013,06,48,04,0.42438172043010763
28079004,06,48,04,0.670752688172043
28079002,06,48,04,0.6596236559139784
28079010,06,48,04,0.6542204301075268
28079022,06,48,04,0.5292741935483871
28079008,06,48,04,0.7201075268817204
28079001,06,48,04,1.0232258064516129
28079017,06,48,04,0.7087365591397851
28079006,20,59,04,14.117983870967743
28079015,20,59,04,8.07910394265233
28079002,20,59,04,11.130779569892473
28079022,20,59,04,8.479999999999999
28079024,20,59,04,3.3385663082437285
28079008,20,59,04,8.85298387096774
28079099,20,59,04,9.706532258064517
28079023,20,59,04,15.423467741935486
28079025,20,59,04,6.411881720430107
28079025,30,59,04,1.3134139784946235
28079024,30,59,04,0.8092114695340503
28079022,30,59,04,1.6131989247311829
28079023,30,59,04,3.6681451612903224
28079015,30,59,04,2.9306810035842292
28079002,30,59,04,2.017231182795699
28079008,30,59,04,1.0464516129032257
28079006,30,59,04,3.2613172043010756
28079099,30,59,04,2.01752688172043
28079099,35,59,04,2.5997043010752687
28079024,35,59,04,0.9226164874551971
28079015,35,59,04,2.5465949820788527
28079023,35,59,04,6.895887096774193
28079006,35,59,04,3.912795698924731
28079025,35,59,04,1.4540591397849463
28079002,35,59,04,2.6641666666666666
28079008,35,59,04,1.5773655913978495
28079024,37,59,04,1.513870967741936
28079099,37,59,04,5.1073387096774185
28079025,37,59,04,2.7480913978494623
28079006,37,59,04,8.095134408602151
28079002,37,59,04,5.6944354838709685
28079006,38,59,04,3.209301075268817
28079002,38,59,04,2.797930107526882
28079024,38,59,04,0.7698924731182797
28079099,38,59,04,2.2453763440860217
28079025,38,59,04,1.2676612903225808
28079099,39,59,04,2.62508064516129
28079024,39,59,04,0.9427240143369173
28079025,39,59,04,1.4931989247311828
28079006,39,59,04,3.88763440860215
28079002,39,59,04,3.061666666666666
